A=[-6.9022e-03  -1.3638e-04   3.7363e-02   4.7472e-02   2.3868e-03  -3.9850e-03
  -1.3674e-04  -2.7308e-06   8.1129e-04   1.0894e-03   6.1301e-05  -9.1141e-05
   4.3923e-02   9.4691e-04  -7.1408e-01  -2.1274e+01  -5.1138e-01   1.4589e-01
  -5.2285e-02  -1.1836e-03   2.1274e+01  -7.2245e-01  -6.2964e-03   8.4503e-01
  -1.0534e-02  -2.3345e-04   5.8809e-01  -3.1519e-01  -5.9742e-02   1.5971e+00
  -1.6102e-02  -3.5323e-04   4.1146e-01  -9.4134e-01  -1.5981e+00  -1.6758e-01];
B=[ 2.2226e-01
   3.9932e-03
  -7.7855e-01
   7.5711e-01
   1.6710e-01
   2.6297e-01];
C=[1.5986e-01   2.8072e-03  -2.3653e-01  -2.3903e-01   9.4852e-02  -1.1733e-01
   1.5442e-01   2.8399e-03  -7.4175e-01  -7.1839e-01  -1.3757e-01   2.3534e-01];
D=zeros(2,1);