A=[-20 0 0 0 0 0 0;0 -25 0 0 0 0 0;....
    0 0 0 0 1 0 0;-0.744 -0.032 0 -0.154 -0.0042 1.54 0;...
    0.337 -1.12 0 0.249 -1 -5.2 0;...
    0.02 0 0.0386 -0.996 -0.000295 -0.117 0;...
    0 0 0 0.5 0 0 -0.5];
B=[20 0;0 25; zeros(5,2)];