A=[0         0    1.0000         0
   0         0         0    1.0000
  -1.7117    0   -0.3249         0
   0         0         0   -1.0004];
B=[      0         0
         0         0
    0.0377    0.0959
   -0.1228    0.1000];